41
JX163923   0.0000000 0.0000010 0.7353509 0.3226136 0.0960664 0.6065321 0.6435838 0.7037592 0.6087017 0.6254551 0.7168415 0.1389220 0.0888852 0.0410344 0.0433426 0.0417523 0.0869309 0.1379624 0.0999814 0.0983853 0.1584718 0.0852350 0.1246928 0.1319588 0.1406215 0.0863975 0.0834868 0.5879206 0.6378882 1.0220288 0.6521456 0.6521456 2.1469544 2.1349986 2.1195278 2.1349986 2.0962548 2.1072400 2.1117536 2.1469544 1.0399879 
JX163924   0.0000010 0.0000000 0.7353509 0.3226136 0.0960664 0.6065321 0.6435838 0.7037592 0.6087017 0.6254551 0.7168415 0.1389220 0.0888852 0.0410344 0.0433426 0.0417523 0.0869309 0.1379624 0.0999814 0.0983853 0.1584718 0.0852350 0.1246928 0.1319588 0.1406215 0.0863975 0.0834868 0.5879206 0.6378882 1.0220288 0.6521456 0.6521456 2.1469544 2.1349986 2.1195278 2.1349986 2.0962548 2.1072400 2.1117536 2.1469544 1.0399879 
JX993987   0.7353509 0.7353509 0.0000000 0.5635355 0.7513831 0.1993667 0.5610732 0.1741173 0.2018982 0.2102300 0.4773339 0.7720855 0.6886168 0.7224510 0.7106858 0.7614813 0.6801244 0.6527382 0.7437679 0.7191025 0.6408662 0.6518799 0.6436985 0.6551702 0.6586235 0.6819214 0.6868405 0.6264525 0.6530870 1.1084135 0.6807980 0.6807980 2.3368043 2.3570932 2.2806056 2.3570932 2.2528754 2.2276181 2.2628256 2.3368043 1.1665693 
JX993988   0.3226136 0.3226136 0.5635355 0.0000000 0.2753541 0.4790417 0.6060902 0.5617833 0.4764189 0.4984965 0.5897621 0.2960805 0.3016471 0.3079273 0.3146378 0.3371212 0.2942803 0.3204515 0.3182168 0.2705187 0.3371822 0.2990910 0.3132930 0.3323550 0.3294940 0.2970650 0.2901630 0.5527973 0.5541606 1.0009297 0.6080479 0.6080479 2.1124149 2.0984726 2.0579360 2.0984726 2.0310700 2.0404345 2.0935655 2.1124149 1.0211906 
KF294455   0.0960664 0.0960664 0.7513831 0.2753541 0.0000000 0.5492182 0.6143547 0.6556672 0.5514699 0.5670787 0.7608264 0.1201786 0.0439142 0.0985331 0.1014509 0.1002295 0.0419408 0.1126839 0.0627345 0.0177868 0.1142464 0.0941777 0.1210230 0.1229723 0.1152570 0.0416997 0.0393037 0.5657337 0.6212589 0.8910738 0.6387482 0.6387482 2.0770400 2.0930549 2.0315694 2.0654239 2.0090960 1.9901347 2.0181981 2.0770400 0.9061525 
KF294456   0.6065321 0.6065321 0.1993667 0.4790417 0.5492182 0.0000000 0.5318657 0.0611037 0.0301931 0.0345329 0.4896921 0.6182374 0.5151639 0.5575440 0.5674048 0.6068307 0.5262254 0.5186264 0.5667703 0.5357943 0.5214786 0.5051522 0.5124695 0.5432238 0.5233517 0.5214299 0.5117093 0.5197608 0.6043557 1.2002055 0.5928799 0.5928799 2.4509300 2.4699716 2.3986528 2.4374329 2.3728213 2.3484158 2.3837628 2.4509300 1.1937704 
KF294457   0.6435838 0.6435838 0.5610732 0.6060902 0.6143547 0.5318657 0.0000000 0.5590196 0.5337989 0.5493482 0.5597606 0.6586895 0.5537864 0.6193849 0.6305495 0.6478117 0.5460893 0.5692338 0.6076461 0.6036060 0.6075652 0.5903594 0.5626442 0.6004420 0.5706018 0.5481244 0.5478804 0.1086919 0.1129511 1.1471224 0.1835895 0.1835895 2.2659450 2.2840349 2.2154695 2.2659450 2.1905418 2.1682389 2.1949385 2.2659450 1.0855379 
KJ473811   0.7037592 0.7037592 0.1741173 0.5617833 0.6556672 0.0611037 0.5590196 0.0000000 0.0682108 0.0735109 0.5498185 0.7515726 0.6112220 0.6646523 0.6768943 0.7007197 0.6047957 0.5834097 0.6767658 0.6394691 0.5979160 0.6029779 0.6000343 0.6239990 0.6005080 0.6112220 0.6047957 0.5657843 0.6109175 1.2316500 0.6599907 0.6599907 2.6636578 2.6858146 2.6040660 2.6636578 2.5746480 2.5453410 2.5901952 2.6636578 1.2355173 
KJ473812   0.6087017 0.6087017 0.2018982 0.4764189 0.5514699 0.0301931 0.5337989 0.0682108 0.0000000 0.0117954 0.5069365 0.6203801 0.5174697 0.5597734 0.5696308 0.6202760 0.5217051 0.5209086 0.5690025 0.5380600 0.5237432 0.5074583 0.5147702 0.5454783 0.5256243 0.5237265 0.5140092 0.5565156 0.6353562 1.2082566 0.6183853 0.6183853 2.5183638 2.5380767 2.4645845 2.5044442 2.4380133 2.4124542 2.4501843 2.5183638 1.2373493 
KJ473813   0.6254551 0.6254551 0.2102300 0.4984965 0.5670787 0.0345329 0.5493482 0.0735109 0.0117954 0.0000000 0.5257846 0.6372792 0.5324185 0.5754784 0.5856113 0.6375410 0.5368117 0.5358064 0.5850070 0.5533592 0.5386088 0.5221104 0.5296043 0.5609243 0.5405991 0.5388013 0.5288157 0.5717418 0.6532238 1.2396323 0.6350827 0.6350827 2.5859828 2.6063658 2.5307263 2.5716438 2.5034284 2.4767083 2.5168584 2.5859828 1.2695491 
KJ473814   0.7168415 0.7168415 0.4773339 0.5897621 0.7608264 0.4896921 0.5597606 0.5498185 0.5069365 0.5257846 0.0000000 0.6869043 0.7316637 0.7044013 0.6938228 0.7349485 0.7236889 0.6765065 0.7574372 0.7291220 0.6829515 0.6663116 0.6762355 0.6883653 0.6845816 0.7252529 0.7120735 0.5399858 0.5608884 1.3589367 0.5287704 0.5287704 2.6549464 2.6395225 2.5956947 2.6395225 2.5664517 2.5373835 2.6194834 2.6549464 1.3700237 
KJ473815   0.1389220 0.1389220 0.7720855 0.2960805 0.1201786 0.6182374 0.6586895 0.7515726 0.6203801 0.6372792 0.6869043 0.0000000 0.1183095 0.1436996 0.1470986 0.1439922 0.1163701 0.1251280 0.1301606 0.1179566 0.1298939 0.1250107 0.1280175 0.1370705 0.1277431 0.1156226 0.1123366 0.6175934 0.6544730 1.0666538 0.6827036 0.6827036 2.2971946 2.2844387 2.2475471 2.2844387 2.2230191 2.2008437 2.2493985 2.2971946 1.0855705 
KJ473816   0.0888852 0.0888852 0.6886168 0.3016471 0.0439142 0.5151639 0.5537864 0.6112220 0.5174697 0.5324185 0.7316637 0.1183095 0.0000000 0.0857868 0.0885637 0.0874954 0.0058223 0.0931653 0.0371513 0.0460592 0.1145048 0.0762664 0.0959475 0.1041757 0.0956067 0.0057915 0.0077844 0.5202412 0.5773306 0.9395136 0.5709008 0.5709008 2.1211505 2.1375466 2.0747827 2.1092932 2.0518697 2.0322560 2.0739268 2.1211505 0.9557400 
KP886808   0.0410344 0.0410344 0.7224510 0.3079273 0.0985331 0.5575440 0.6193849 0.6646523 0.5597734 0.5754784 0.7044013 0.1436996 0.0857868 0.0000000 0.0019414 0.0437999 0.0838436 0.1318716 0.0966907 0.1008579 0.1519820 0.0903348 0.1188197 0.1259927 0.1344880 0.0833347 0.0804795 0.5889885 0.6260833 1.0584854 0.6282948 0.6282948 2.1866145 2.1744539 2.1391390 2.1744539 2.1156831 2.0951796 2.1514655 2.1866145 1.0588589 
KP886809   0.0433426 0.0433426 0.7106858 0.3146378 0.1014509 0.5674048 0.6305495 0.6768943 0.5696308 0.5856113 0.6938228 0.1470986 0.0885637 0.0019414 0.0000000 0.0437999 0.0866158 0.1351222 0.0996089 0.1037930 0.1554713 0.0931454 0.1219379 0.1263312 0.1377647 0.0860863 0.0831891 0.5992355 0.6374842 1.0435689 0.6393130 0.6393130 2.1574485 2.1454397 2.1105315 2.1454397 2.0873513 2.0672751 2.1222638 2.1574485 1.0437977 
KU973692   0.0417523 0.0417523 0.7614813 0.3371212 0.1002295 0.6068307 0.6478117 0.7007197 0.6202760 0.6375410 0.7349485 0.1439922 0.0874954 0.0437999 0.0437999 0.0000000 0.0880423 0.1374269 0.1012779 0.1025946 0.1581822 0.0946736 0.1239994 0.1284601 0.1346000 0.0874954 0.0845402 0.5788376 0.6347505 0.9957694 0.6593727 0.6593727 2.0342287 2.0226342 1.9888145 2.0226342 1.9888145 1.9477348 1.9824946 2.0342287 1.0291940 
KY417142   0.0869309 0.0869309 0.6801244 0.2942803 0.0419408 0.5262254 0.5460893 0.6047957 0.5217051 0.5368117 0.7236889 0.1163701 0.0058223 0.0838436 0.0866158 0.0880423 0.0000000 0.0912288 0.0351843 0.0440901 0.1125792 0.0743097 0.0940084 0.1022352 0.0936739 0.0038710 0.0058532 0.5128893 0.5694977 0.9532989 0.5634113 0.5634113 2.1214832 2.1378884 2.0750892 2.1096194 2.0521621 2.0325338 2.0742374 2.1214832 0.9698398 
KY417143   0.1379624 0.1379624 0.6527382 0.3204515 0.1126839 0.5186264 0.5692338 0.5834097 0.5209086 0.5358064 0.6765065 0.1251280 0.0931653 0.1318716 0.1351222 0.1374269 0.0912288 0.0000000 0.1030855 0.1096594 0.0280501 0.0872485 0.0217558 0.0280606 0.0057919 0.0906699 0.0877302 0.5454890 0.6170145 0.9992124 0.6288783 0.6288783 2.1571055 2.1737282 2.1102475 2.1451125 2.0870939 2.0670410 2.1099328 2.1571055 1.0325487 
KY417144   0.0999814 0.0999814 0.7437679 0.3182168 0.0627345 0.5667703 0.6076461 0.6767658 0.5690025 0.5850070 0.7574372 0.1301606 0.0371513 0.0966907 0.0996089 0.1012779 0.0351843 0.1030855 0.0000000 0.0649695 0.1196433 0.0768328 0.0905779 0.0986502 0.1055734 0.0349847 0.0326711 0.5598789 0.6350091 1.0506773 0.6464420 0.6464420 2.1933838 2.2104856 2.1453306 2.1810739 2.1215863 2.1007909 2.1455586 2.1933838 1.0509769 
KY417145   0.0983853 0.0983853 0.7191025 0.2705187 0.0177868 0.5357943 0.6036060 0.6394691 0.5380600 0.5533592 0.7291220 0.1179566 0.0460592 0.1008579 0.1037930 0.1025946 0.0440901 0.1096594 0.0649695 0.0000000 0.1112305 0.0965051 0.1179031 0.1198484 0.1122077 0.0438363 0.0414214 0.5349494 0.6058413 0.8694767 0.6165929 0.6165929 2.0485076 2.0642828 2.0036064 2.0370434 1.9814138 1.9628685 1.9745134 2.0485076 0.8840789 
KY417146   0.1584718 0.1584718 0.6408662 0.3371822 0.1142464 0.5214786 0.6075652 0.5979160 0.5237432 0.5386088 0.6829515 0.1298939 0.1145048 0.1519820 0.1554713 0.1581822 0.1125792 0.0280501 0.1196433 0.1112305 0.0000000 0.1080054 0.0344262 0.0387834 0.0301214 0.1118662 0.1086564 0.5812395 0.6572335 1.0229427 0.6548704 0.6548704 2.1367907 2.1532398 2.0903386 2.1249073 2.0673852 2.0476348 2.0897214 2.1367907 1.0568220 
KY417147   0.0852350 0.0852350 0.6518799 0.2990910 0.0941777 0.5051522 0.5903594 0.6029779 0.5074583 0.5221104 0.6663116 0.1250107 0.0762664 0.0903348 0.0931454 0.0946736 0.0743097 0.0872485 0.0768328 0.0965051 0.1080054 0.0000000 0.0705989 0.0829239 0.0896333 0.0738630 0.0711081 0.5442694 0.5865191 1.0502825 0.6049006 0.6049006 2.0919771 2.0802559 2.0461113 2.0802559 2.0234451 2.0042282 2.0448237 2.0919771 1.0688608 
KY417148   0.1246928 0.1246928 0.6436985 0.3132930 0.1210230 0.5124695 0.5626442 0.6000343 0.5147702 0.5296043 0.6762355 0.1280175 0.0959475 0.1188197 0.1219379 0.1239994 0.0940084 0.0217558 0.0905779 0.1179031 0.0344262 0.0705989 0.0000000 0.0178015 0.0237866 0.0934288 0.0904487 0.5392530 0.6102703 1.0221297 0.6110448 0.6110448 2.0568170 2.0726736 2.0117194 2.0453005 1.9894313 1.9707547 2.0099268 2.0568170 1.0401594 
KY417149   0.1319588 0.1319588 0.6551702 0.3323550 0.1229723 0.5432238 0.6004420 0.6239990 0.5454783 0.5609243 0.6883653 0.1370705 0.1041757 0.1259927 0.1263312 0.1284601 0.1022352 0.0280606 0.0986502 0.1198484 0.0387834 0.0829239 0.0178015 0.0000000 0.0301326 0.1015950 0.0985035 0.5745609 0.6498366 1.0143601 0.6492608 0.6492608 2.0924364 2.1085212 2.0468335 2.0807821 2.0242978 2.0051854 2.0455645 2.0924364 1.0480037 
KY417150   0.1406215 0.1406215 0.6586235 0.3294940 0.1152570 0.5233517 0.5706018 0.6005080 0.5256243 0.5405991 0.6845816 0.1277431 0.0956067 0.1344880 0.1377647 0.1346000 0.0936739 0.0057919 0.1055734 0.1122077 0.0301214 0.0896333 0.0237866 0.0301326 0.0000000 0.0930986 0.0901327 0.5363112 0.6184535 0.9906728 0.6302809 0.6302809 2.1406215 2.1571055 2.0940858 2.1287158 2.0710905 2.0512793 2.0935251 2.1406215 1.0237540 
KY417151   0.0863975 0.0863975 0.6819214 0.2970650 0.0416997 0.5214299 0.5481244 0.6112220 0.5237265 0.5388013 0.7252529 0.1156226 0.0057915 0.0833347 0.0860863 0.0874954 0.0038710 0.0906699 0.0349847 0.0438363 0.1118662 0.0738630 0.0934288 0.1015950 0.0930986 0.0000000 0.0058223 0.5149374 0.5714925 0.9543879 0.5653376 0.5653376 2.1211505 2.1375466 2.0747827 2.1092932 2.0518697 2.0322560 2.0739268 2.1211505 0.9709068 
KY417152   0.0834868 0.0834868 0.6868405 0.2901630 0.0393037 0.5117093 0.5478804 0.6047957 0.5140092 0.5288157 0.7120735 0.1123366 0.0077844 0.0804795 0.0831891 0.0845402 0.0058532 0.0877302 0.0326711 0.0414214 0.1086564 0.0711081 0.0904487 0.0985035 0.0901327 0.0058223 0.0000000 0.5053380 0.5605132 0.9607972 0.5549124 0.5549124 2.1357300 2.1522518 2.0890656 2.1237931 2.0660055 2.0461720 2.0884258 2.1357300 0.9774783 
MG772933   0.5879206 0.5879206 0.6264525 0.5527973 0.5657337 0.5197608 0.1086919 0.5657843 0.5565156 0.5717418 0.5399858 0.6175934 0.5202412 0.5889885 0.5992355 0.5788376 0.5128893 0.5454890 0.5598789 0.5349494 0.5812395 0.5442694 0.5392530 0.5745609 0.5363112 0.5149374 0.5053380 0.0000000 0.1188716 1.1884916 0.1555486 0.1555486 2.1900497 2.2068872 2.1427318 2.1779280 2.1193552 2.0988968 2.1429163 2.1900497 1.1023496 
MG772934   0.6378882 0.6378882 0.6530870 0.5541606 0.6212589 0.6043557 0.1129511 0.6109175 0.6353562 0.6532238 0.5608884 0.6544730 0.5773306 0.6260833 0.6374842 0.6347505 0.5694977 0.6170145 0.6350091 0.6058413 0.6572335 0.5865191 0.6102703 0.6498366 0.6184535 0.5714925 0.5605132 0.1188716 0.0000000 1.1744543 0.1599957 0.1599957 2.5117658 2.4972281 2.4556156 2.4972281 2.4279055 2.4013529 2.4360028 2.5117658 1.1211173 
MN996532   1.0220288 1.0220288 1.1084135 1.0009297 0.8910738 1.2002055 1.1471224 1.2316500 1.2082566 1.2396323 1.3589367 1.0666538 0.9395136 1.0584854 1.0435689 0.9957694 0.9532989 0.9992124 1.0506773 0.8694767 1.0229427 1.0502825 1.0221297 1.0143601 0.9906728 0.9543879 0.9607972 1.1884916 1.1744543 0.0000000 1.2763786 1.2763786 0.9724686 0.9659767 0.9477903 0.9805795 0.9521439 0.9429328 0.9274617 0.9724686 0.0751929 
MT782114   0.6521456 0.6521456 0.6807980 0.6080479 0.6387482 0.5928799 0.1835895 0.6599907 0.6183853 0.6350827 0.5287704 0.6827036 0.5709008 0.6282948 0.6393130 0.6593727 0.5634113 0.6288783 0.6464420 0.6165929 0.6548704 0.6049006 0.6110448 0.6492608 0.6302809 0.5653376 0.5549124 0.1555486 0.1599957 1.2763786 0.0000000 0.0000010 2.2843983 2.2716879 2.2349104 2.2716879 2.2104623 2.1884448 2.2365600 2.2843983 1.2224342 
MT782115   0.6521456 0.6521456 0.6807980 0.6080479 0.6387482 0.5928799 0.1835895 0.6599907 0.6183853 0.6350827 0.5287704 0.6827036 0.5709008 0.6282948 0.6393130 0.6593727 0.5634113 0.6288783 0.6464420 0.6165929 0.6548704 0.6049006 0.6110448 0.6492608 0.6302809 0.5653376 0.5549124 0.1555486 0.1599957 1.2763786 0.0000010 0.0000000 2.2843983 2.2716879 2.2349104 2.2716879 2.2104623 2.1884448 2.2365600 2.2843983 1.2224342 
OL674074   2.1469544 2.1469544 2.3368043 2.1124149 2.0770400 2.4509300 2.2659450 2.6636578 2.5183638 2.5859828 2.6549464 2.2971946 2.1211505 2.1866145 2.1574485 2.0342287 2.1214832 2.1571055 2.1933838 2.0485076 2.1367907 2.0919771 2.0568170 2.0924364 2.1406215 2.1211505 2.1357300 2.1900497 2.5117658 0.9724686 2.2843983 2.2843983 0.0000000 0.0019481 0.0000010 0.0019481 0.0000010 0.0039564 0.0000010 0.0000010 1.0101636 
OL674075   2.1349986 2.1349986 2.3570932 2.0984726 2.0930549 2.4699716 2.2840349 2.6858146 2.5380767 2.6063658 2.6395225 2.2844387 2.1375466 2.1744539 2.1454397 2.0226342 2.1378884 2.1737282 2.2104856 2.0642828 2.1532398 2.0802559 2.0726736 2.1085212 2.1571055 2.1375466 2.1522518 2.2068872 2.4972281 0.9659767 2.2716879 2.2716879 0.0019481 0.0000000 0.0019576 0.0039082 0.0019630 0.0059535 0.0019850 0.0019481 1.0035160 
OL674076   2.1195278 2.1195278 2.2806056 2.0579360 2.0315694 2.3986528 2.2154695 2.6040660 2.4645845 2.5307263 2.5956947 2.2475471 2.0747827 2.1391390 2.1105315 1.9888145 2.0750892 2.1102475 2.1453306 2.0036064 2.0903386 2.0461113 2.0117194 2.0468335 2.0940858 2.0747827 2.0890656 2.1427318 2.4556156 0.9477903 2.2349104 2.2349104 0.0000010 0.0019576 0.0000000 0.0019576 0.0000010 0.0000010 0.0000010 0.0000010 0.9847871 
OL674077   2.1349986 2.1349986 2.3570932 2.0984726 2.0654239 2.4374329 2.2659450 2.6636578 2.5044442 2.5716438 2.6395225 2.2844387 2.1092932 2.1744539 2.1454397 2.0226342 2.1096194 2.1451125 2.1810739 2.0370434 2.1249073 2.0802559 2.0453005 2.0807821 2.1287158 2.1092932 2.1237931 2.1779280 2.4972281 0.9805795 2.2716879 2.2716879 0.0019481 0.0039082 0.0019576 0.0000000 0.0019630 0.0059535 0.0019850 0.0019481 1.0185069 
OL674078   2.0962548 2.0962548 2.2528754 2.0310700 2.0090960 2.3728213 2.1905418 2.5746480 2.4380133 2.5034284 2.5664517 2.2230191 2.0518697 2.1156831 2.0873513 1.9888145 2.0521621 2.0870939 2.1215863 1.9814138 2.0673852 2.0234451 1.9894313 2.0242978 2.0710905 2.0518697 2.0660055 2.1193552 2.4279055 0.9521439 2.2104623 2.2104623 0.0000010 0.0019630 0.0000010 0.0019630 0.0000000 0.0000010 0.0000010 0.0000010 0.9893489 
OL674079   2.1072400 2.1072400 2.2276181 2.0404345 1.9901347 2.3484158 2.1682389 2.5453410 2.4124542 2.4767083 2.5373835 2.2008437 2.0322560 2.0951796 2.0672751 1.9477348 2.0325338 2.0670410 2.1007909 1.9628685 2.0476348 2.0042282 1.9707547 2.0051854 2.0512793 2.0322560 2.0461720 2.0988968 2.4013529 0.9429328 2.1884448 2.1884448 0.0039564 0.0059535 0.0000010 0.0059535 0.0000010 0.0000000 0.0040248 0.0039564 0.9796712 
OL674080   2.1117536 2.1117536 2.2628256 2.0935655 2.0181981 2.3837628 2.1949385 2.5901952 2.4501843 2.5168584 2.6194834 2.2493985 2.0739268 2.1514655 2.1222638 1.9824946 2.0742374 2.1099328 2.1455586 1.9745134 2.0897214 2.0448237 2.0099268 2.0455645 2.0935251 2.0739268 2.0884258 2.1429163 2.4360028 0.9274617 2.2365600 2.2365600 0.0000010 0.0019850 0.0000010 0.0019850 0.0000010 0.0040248 0.0000000 0.0000010 0.9644790 
OL674081   2.1469544 2.1469544 2.3368043 2.1124149 2.0770400 2.4509300 2.2659450 2.6636578 2.5183638 2.5859828 2.6549464 2.2971946 2.1211505 2.1866145 2.1574485 2.0342287 2.1214832 2.1571055 2.1933838 2.0485076 2.1367907 2.0919771 2.0568170 2.0924364 2.1406215 2.1211505 2.1357300 2.1900497 2.5117658 0.9724686 2.2843983 2.2843983 0.0000010 0.0019481 0.0000010 0.0019481 0.0000010 0.0039564 0.0000010 0.0000000 1.0101636 
Reference  1.0399879 1.0399879 1.1665693 1.0211906 0.9061525 1.1937704 1.0855379 1.2355173 1.2373493 1.2695491 1.3700237 1.0855705 0.9557400 1.0588589 1.0437977 1.0291940 0.9698398 1.0325487 1.0509769 0.8840789 1.0568220 1.0688608 1.0401594 1.0480037 1.0237540 0.9709068 0.9774783 1.1023496 1.1211173 0.0751929 1.2224342 1.2224342 1.0101636 1.0035160 0.9847871 1.0185069 0.9893489 0.9796712 0.9644790 1.0101636 0.0000000 
